   2.8000000e+01   8.6851695e-02
   8.8000000e+01   7.1949197e-02
   1.4800000e+02   6.3014420e-02
   2.0800000e+02   6.5047518e-02
   2.6800000e+02   5.8048647e-02
   3.2800000e+02   6.5017964e-02
   3.8800000e+02   5.9955630e-02
   4.4800000e+02   7.9861805e-02
   5.0800000e+02   9.7736655e-02
   5.6800000e+02   6.6580344e-02
   6.2800000e+02   8.3393042e-02
   6.8800000e+02   1.0117492e-01
   7.4800000e+02   9.2926142e-02
   8.0800000e+02   9.5646891e-02
   8.6800000e+02   9.6337340e-02
   9.2800000e+02   1.2899766e-01
   9.8800000e+02   9.7628046e-02
   1.0480000e+03   9.5228664e-02
   1.1080000e+03   6.6799701e-02
   1.1680000e+03   3.0341343e-02
   1.2280000e+03  -4.0146226e-02
   1.2880000e+03  -5.8662816e-02
   1.3480000e+03   1.0179176e-01
   1.4080000e+03   3.1521769e-01
   1.4680000e+03   6.5661518e-01
   1.5280000e+03   8.5798440e-01
   1.5880000e+03   9.4132557e-01
   1.6480000e+03   9.6063887e-01
   1.7080000e+03   1.0769245e+00
   1.7680000e+03   1.2101827e+00
   1.8280000e+03   1.1454136e+00
   1.8880000e+03   1.1356174e+00
   1.9480000e+03   1.0787944e+00
   2.0080000e+03   1.1979447e+00
   2.0680000e+03   9.7006855e-01
   2.1280000e+03   8.1516617e-01
   2.1880000e+03   9.2823775e-01
   2.2480000e+03   6.1028350e-01
   2.3080000e+03   2.3930363e-01
   2.3680000e+03  -4.6470165e-01
   2.4280000e+03  -9.9273212e-01
   2.4880000e+03  -1.5667876e+00
   2.5480000e+03  -1.5858678e+00
   2.6080000e+03  -1.5879726e+00
   2.6680000e+03  -1.5911017e+00
   2.7280000e+03  -1.5942549e+00
   2.7880000e+03  -1.5984321e+00
   2.8480000e+03  -1.6016329e+00
   2.9080000e+03  -1.6048572e+00
   2.9680000e+03  -1.5841047e+00
   3.0280000e+03  -1.3273753e+00
   3.0880000e+03  -1.0076687e+00
   3.1480000e+03  -5.2198460e-01
   3.2080000e+03   1.1146771e+00
   3.2680000e+03   3.1413167e+00
   3.3280000e+03   4.5749343e+00
   3.3880000e+03   3.9855303e+00
   3.4480000e+03   3.2371048e+00
   3.5080000e+03   3.0036581e+00
   3.5680000e+03   2.3841903e+00
   3.6280000e+03   1.5067018e+00
   3.6880000e+03   8.6919278e-01
   3.7480000e+03  -1.6733660e-01
   3.8080000e+03  -1.2758861e+00
   3.8680000e+03  -1.6194554e+00
   3.9280000e+03  -1.4670443e+00
   3.9880000e+03  -4.7265268e-01
   4.0480000e+03   7.0971980e-01
   4.1080000e+03   1.0600734e+00
   4.1680000e+03   8.8840821e-01
   4.2280000e+03   2.8072459e-01
   4.2880000e+03   1.3060227e+00
   4.3480000e+03   1.9463029e+00
   4.4080000e+03   1.5105653e+00
   4.4680000e+03   3.2781016e-01
   4.5280000e+03  -8.4196227e-01
   4.5880000e+03  -1.0957518e+00
   4.6480000e+03  -1.6195581e+00
   4.7080000e+03  -1.6633809e+00
   4.7680000e+03  -1.6672201e+00
   4.8280000e+03  -1.6710755e+00
   4.8880000e+03  -1.6749466e+00
   4.9480000e+03  -1.6788335e+00
   5.0080000e+03  -1.6827356e+00
   5.0680000e+03  -1.5196530e+00
   5.1280000e+03  -8.3958519e-01
   5.1880000e+03  -3.3532077e-02
   5.2480000e+03   9.5450663e-01
   5.3080000e+03   2.7065312e+00
   5.3680000e+03   4.2355418e+00
   5.4280000e+03   4.8245387e+00
   5.4880000e+03   4.7915222e+00
   5.5480000e+03   4.3364925e+00
   5.6080000e+03   2.7544498e+00
   5.6680000e+03   1.3603945e+00
   5.7280000e+03   7.7326674e-02
   5.7880000e+03  -7.4175332e-01
   5.8480000e+03  -1.3068453e+00
   5.9080000e+03  -1.3109489e+00
   5.9680000e+03  -1.0200640e+00
   6.0280000e+03  -5.6719034e-01
   6.0880000e+03  -2.2932760e-01
   6.1480000e+03   2.5052445e-01
   6.2080000e+03   3.1136605e-01
   6.2680000e+03  -3.3180253e-01
   6.3280000e+03  -1.0329811e+00
   6.3880000e+03  -1.6101693e+00
   6.4480000e+03  -1.8293669e+00
   6.5080000e+03  -1.8385737e+00
   6.5680000e+03  -1.8397894e+00
   6.6280000e+03  -1.2560137e+00
   6.6880000e+03  -8.0824643e-01
   6.7480000e+03  -9.4448729e-01
   6.8080000e+03  -1.2767360e+00
   6.8680000e+03  -1.0949923e+00
   6.9280000e+03  -4.3425601e-01
   6.9880000e+03   2.1347324e-01
   7.0480000e+03   6.2219569e-01
   7.1080000e+03   5.5291159e-01
   7.1680000e+03   6.5462121e-01
   7.2280000e+03   8.6832481e-01
   7.2880000e+03   1.5910227e+00
   7.3480000e+03   2.0667151e+00
   7.4080000e+03   2.0064023e+00
   7.4680000e+03   2.4480845e+00
   7.5280000e+03   3.3167622e+00
   7.5880000e+03   3.9044354e+00
   7.6480000e+03   3.3981045e+00
   7.7080000e+03   2.6637698e+00
   7.7680000e+03   1.2424316e+00
   7.8280000e+03   1.1090018e-02
   7.8880000e+03  -8.9725451e-01
   7.9480000e+03  -1.5316018e+00
   8.0080000e+03  -1.9449514e+00
   8.0680000e+03  -1.9613033e+00
   8.1280000e+03  -1.9516570e+00
   8.1880000e+03  -1.8170122e+00
   8.2480000e+03  -1.7603688e+00
   8.3080000e+03  -1.7197264e+00
   8.3680000e+03  -1.7630847e+00
   8.4280000e+03  -1.6254435e+00
   8.4880000e+03  -1.4368024e+00
   8.5480000e+03  -1.1471611e+00
   8.6080000e+03  -8.6751941e-01
   8.6680000e+03  -4.2187698e-01
   8.7280000e+03   1.0766482e-02
   8.7880000e+03   3.1741126e-01
   8.8480000e+03   5.6605766e-01
   8.9080000e+03   3.8670598e-01
   8.9680000e+03   1.9435652e-01
   9.0280000e+03   4.3200957e-01
   9.0880000e+03   4.3766543e-01
   9.1480000e+03   2.7232442e-01
   9.2080000e+03   5.4898683e-01
   9.2680000e+03   9.7265296e-01
   9.3280000e+03   1.0353231e+00
   9.3880000e+03   1.0629976e+00
   9.4480000e+03   1.5516768e+00
   9.5080000e+03   2.3633608e+00
   9.5680000e+03   2.4230502e+00
   9.6280000e+03   1.7377451e+00
   9.6880000e+03   1.3614459e+00
   9.7480000e+03   1.3971529e+00
   9.8080000e+03   1.2008664e+00
   9.8680000e+03   7.7558667e-01
   9.9280000e+03   4.3131410e-01
   9.9880000e+03   5.7048968e-02
   1.0048000e+04  -4.6620841e-01
   1.0108000e+04  -8.2945771e-01
   1.0168000e+04  -1.3986986e+00
   1.0228000e+04  -2.0149308e+00
   1.0288000e+04  -2.1041540e+00
   1.0348000e+04  -2.1073679e+00
   1.0408000e+04  -2.1095720e+00
   1.0468000e+04  -1.7017662e+00
   1.0528000e+04  -1.0609501e+00
   1.0588000e+04  -5.9112342e-01
   1.0648000e+04  -2.8728577e-01
   1.0708000e+04   3.7356315e-01
   1.0768000e+04   1.2734236e+00
   1.0828000e+04   1.6932960e+00
   1.0888000e+04   9.9118067e-01
   1.0948000e+04   9.9077838e-02
   1.1008000e+04  -1.5301212e-01
   1.1068000e+04  -2.1308890e-01
   1.1128000e+04  -3.0215216e-01
   1.1188000e+04  -4.4520159e-01
   1.1248000e+04  -9.2368637e-03
   1.1308000e+04   7.7774234e-01
   1.1368000e+04   1.5797363e+00
   1.1428000e+04   1.8027455e+00
   1.1488000e+04   1.5277700e+00
   1.1548000e+04   1.3638103e+00
   1.1608000e+04   4.1786674e-01
   1.1668000e+04  -2.0604616e-03
   1.1728000e+04  -1.1797094e-01
   1.1788000e+04   5.3135621e-02
   1.1848000e+04   9.6259538e-02
   1.1908000e+04   5.0401131e-02
   1.1968000e+04   2.7456071e-01
   1.2028000e+04   7.1573860e-01
   1.2088000e+04  -2.1606488e-01
   1.2148000e+04  -1.1228494e+00
   1.2208000e+04  -1.8606147e+00
   1.2268000e+04  -2.0583605e+00
   1.2328000e+04  -1.8440863e+00
   1.2388000e+04  -1.3727920e+00
   1.2448000e+04  -6.0547722e-01
   1.2508000e+04   5.5858385e-02
   1.2568000e+04   4.0821510e-01
   1.2628000e+04   1.1005932e+00
   1.2688000e+04   1.8889931e+00
   1.2748000e+04   2.0414149e+00
   1.2808000e+04   1.9248591e+00
   1.2868000e+04   1.2343258e+00
   1.2928000e+04   8.9681552e-01
   1.2988000e+04   5.1632841e-01
   1.3048000e+04  -2.1352027e-03
   1.3108000e+04  -5.1857503e-01
   1.3168000e+04  -7.9099077e-01
   1.3228000e+04  -8.5838216e-01
   1.3288000e+04  -6.2274889e-01
   1.3348000e+04  -2.6309069e-01
   1.3408000e+04   3.4592723e-02
   1.3468000e+04   2.0230163e-01
   1.3528000e+04   4.8603630e-01
   1.3588000e+04   7.4579701e-01
   1.3648000e+04   4.1558403e-01
   1.3708000e+04   1.0539763e-01
   1.3768000e+04  -3.1476192e-01
   1.3828000e+04  -5.2189437e-01
   1.3888000e+04  -7.4099945e-01
   1.3948000e+04  -9.3707690e-01
   1.4008000e+04  -1.0161265e+00
   1.4068000e+04  -1.0381479e+00
   1.4128000e+04  -1.0361410e+00
   1.4188000e+04  -7.7510540e-01
   1.4248000e+04  -8.7040962e-02
   1.4308000e+04   7.6805258e-01
   1.4368000e+04   1.4441755e+00
   1.4428000e+04   1.4533279e+00
   1.4488000e+04   9.5551022e-01
   1.4548000e+04   5.6272253e-01
   1.4608000e+04   1.2096509e-01
   1.4668000e+04  -4.1776187e-01
   1.4728000e+04  -7.1845813e-01
   1.4788000e+04  -6.8312350e-01
   1.4848000e+04  -3.9975775e-01
   1.4908000e+04   1.4363932e-01
   1.4968000e+04   3.9106791e-01
   1.5028000e+04   5.3152821e-01
   1.5088000e+04   1.2150204e+00
   1.5148000e+04   1.8055447e+00
   1.5208000e+04   1.4401013e+00
   1.5268000e+04   5.8769040e-01
   1.5328000e+04  -1.7668788e-01
   1.5388000e+04  -4.9103335e-01
   1.5448000e+04  -5.7034582e-01
   1.5508000e+04  -5.3662514e-01
   1.5568000e+04  -5.6687113e-01
   1.5628000e+04  -4.5908365e-01
   1.5688000e+04  -1.0426254e-01
   1.5748000e+04   3.9859235e-01
   1.5808000e+04   9.3148117e-01
   1.5868000e+04   1.1034041e+00
   1.5928000e+04   8.6536114e-01
   1.5988000e+04   4.4435256e-01
   1.6048000e+04  -7.6621547e-02
   1.6108000e+04  -2.8956107e-01
   1.6168000e+04  -2.5346588e-01
   1.6228000e+04  -3.2333587e-01
   1.6288000e+04  -6.2017092e-01
   1.6348000e+04  -7.4097094e-01
   1.6408000e+04  -7.4273580e-01
   1.6468000e+04  -9.1146543e-01
   1.6528000e+04  -1.1771597e+00
   1.6588000e+04  -1.2708186e+00
   1.6648000e+04  -1.0874419e+00
   1.6708000e+04  -8.1802972e-01
   1.6768000e+04  -6.4858182e-01
   1.6828000e+04  -2.5609819e-01
   1.6888000e+04   7.4421248e-02
   1.6948000e+04   5.0197655e-01
   1.7008000e+04   8.8456778e-01
   1.7068000e+04   1.3231950e+00
   1.7128000e+04   1.8338582e+00
   1.7188000e+04   2.0255575e+00
   1.7248000e+04   1.5272929e+00
   1.7308000e+04   9.9306450e-01
   1.7368000e+04   6.5387225e-01
   1.7428000e+04   2.5871621e-01
   1.7488000e+04  -7.0403601e-02
   1.7548000e+04  -2.0648716e-01
   1.7608000e+04  -2.7453445e-01
   1.7668000e+04  -2.8454546e-01
   1.7728000e+04  -1.5352019e-01
   1.7788000e+04   1.8354137e-01
   1.7848000e+04   5.4763921e-01
   1.7908000e+04   5.0477333e-01
   1.7968000e+04   3.8894372e-01
   1.8028000e+04   1.8715036e-01
   1.8088000e+04  -2.8260676e-01
   1.8148000e+04  -6.8832767e-01
   1.8208000e+04  -9.2401239e-01
   1.8268000e+04  -1.2196609e+00
   1.8328000e+04  -1.4462734e+00
   1.8388000e+04  -1.7598497e+00
   1.8448000e+04  -1.8203901e+00
   1.8508000e+04  -1.6208944e+00
   1.8568000e+04  -1.1993627e+00
   1.8628000e+04  -5.4879518e-01
   1.8688000e+04   2.2780820e-01
   1.8748000e+04   8.6044735e-01
   1.8808000e+04   1.1691222e+00
   1.8868000e+04   1.5478328e+00
   1.8928000e+04   1.6515789e+00
   1.8988000e+04   1.6083605e+00
   1.9048000e+04   1.2111775e+00
   1.9108000e+04   8.0402991e-01
   1.9168000e+04   5.5191757e-01
   1.9228000e+04   3.5784040e-01
   1.9288000e+04   1.5579833e-01
   1.9348000e+04   8.4791245e-02
   1.9408000e+04   1.7381906e-01
   1.9468000e+04   3.5988168e-01
   1.9528000e+04   3.9097900e-01
   1.9588000e+04   3.2111091e-01
   1.9648000e+04   2.2227731e-01
   1.9708000e+04   2.9647809e-01
   1.9768000e+04   3.1971312e-01
   1.9828000e+04   1.2198231e-01
   1.9888000e+04  -3.7714471e-02
   1.9948000e+04  -2.5937734e-01
   2.0008000e+04  -4.6600643e-01
   2.0068000e+04  -4.4760185e-01
   2.0128000e+04  -6.6216374e-01
   2.0188000e+04  -1.0236922e+00
   2.0248000e+04  -1.3851874e+00
   2.0308000e+04  -1.5456495e+00
   2.0368000e+04  -1.5300786e+00
   2.0428000e+04  -1.3064748e+00
   2.0488000e+04  -1.0468383e+00
   2.0548000e+04  -6.7316918e-01
   2.0608000e+04  -2.2946764e-01
   2.0668000e+04   1.3526619e-01
   2.0728000e+04   7.9503217e-01
   2.0788000e+04   1.0978301e+00
   2.0848000e+04   1.2156600e+00
   2.0908000e+04   1.1485215e+00
   2.0968000e+04   1.1614145e+00
   2.1028000e+04   1.3043390e+00
   2.1088000e+04   1.1122947e+00
   2.1148000e+04   6.7628140e-01
   2.1208000e+04   2.8429906e-01
   2.1268000e+04   8.7347479e-02
   2.1328000e+04   8.6426490e-02
   2.1388000e+04   2.4253593e-01
   2.1448000e+04   6.9367565e-01
   2.1508000e+04   1.0088455e+00
   2.1568000e+04   8.7404522e-01
   2.1628000e+04   3.9127476e-01
   2.1688000e+04   1.7653390e-01
   2.1748000e+04  -1.5717752e-01
   2.1808000e+04  -5.9185966e-01
   2.1868000e+04  -9.9651270e-01
   2.1928000e+04  -1.4451368e+00
   2.1988000e+04  -1.7107321e+00
   2.2048000e+04  -1.7492989e+00
   2.2108000e+04  -1.4788372e+00
   2.2168000e+04  -1.1843472e+00
   2.2228000e+04  -1.1738292e+00
   2.2288000e+04  -1.2542833e+00
   2.2348000e+04  -1.1557096e+00
   2.2408000e+04  -7.0810837e-01
   2.2468000e+04  -1.2047973e-01
   2.2528000e+04   2.2917613e-01
   2.2588000e+04   4.9385904e-01
   2.2648000e+04   7.9456882e-01
   2.2708000e+04   1.0803053e+00
   2.2768000e+04   1.2090683e+00
   2.2828000e+04   1.3128577e+00
   2.2888000e+04   1.5656733e+00
   2.2948000e+04   1.5775148e+00
   2.3008000e+04   1.5133822e+00
   2.3068000e+04   1.2072753e+00
   2.3128000e+04   8.1719389e-01
   2.3188000e+04   6.4213778e-01
   2.3248000e+04   4.6810681e-01
   2.3308000e+04   2.8310082e-01
   2.3368000e+04   7.0119632e-02
   2.3428000e+04   4.0163077e-02
   2.3488000e+04   1.6023098e-01
   2.3548000e+04   2.5932317e-01
   2.3608000e+04   2.4143948e-01
   2.3668000e+04   2.2579737e-02
   2.3728000e+04  -2.7025623e-01
   2.3788000e+04  -4.3706859e-01
   2.3848000e+04  -7.5385752e-01
   2.3908000e+04  -9.7362318e-01
   2.3968000e+04  -9.4736575e-01
   2.4028000e+04  -1.1370854e+00
   2.4088000e+04  -1.3807823e+00
   2.4148000e+04  -1.4944566e+00
   2.4208000e+04  -1.4921084e+00
   2.4268000e+04  -1.5137380e+00
   2.4328000e+04  -1.4553456e+00
   2.4388000e+04  -1.2819312e+00
   2.4448000e+04  -8.9549503e-01
   2.4508000e+04  -4.1703730e-01
   2.4568000e+04   1.0544185e-01
   2.4628000e+04   6.1594226e-01
   2.4688000e+04   8.6046375e-01
   2.4748000e+04   1.0320062e+00
   2.4808000e+04   1.3585693e+00
   2.4868000e+04   1.6121531e+00
   2.4928000e+04   1.3627573e+00
   2.4988000e+04   1.1403817e+00
   2.5048000e+04   1.0330263e+00
   2.5108000e+04   8.2869075e-01
   2.5168000e+04   8.6937499e-01
   2.5228000e+04   1.0000788e+00
   2.5288000e+04   9.1780214e-01
   2.5348000e+04   7.3954470e-01
   2.5408000e+04   5.5830638e-01
   2.5468000e+04   3.2108701e-01
   2.5528000e+04  -6.9113575e-02
   2.5588000e+04  -3.9729554e-01
   2.5648000e+04  -5.5545905e-01
   2.5708000e+04  -7.4660427e-01
   2.5768000e+04  -9.3673136e-01
   2.5828000e+04  -9.7484048e-01
   2.5888000e+04  -8.2393181e-01
   2.5948000e+04  -6.9700550e-01
   2.6008000e+04  -7.8206172e-01
   2.6068000e+04  -1.0341006e+00
   2.6128000e+04  -1.1791224e+00
   2.6188000e+04  -1.0861272e+00
   2.6248000e+04  -8.8611520e-01
   2.6308000e+04  -6.0108655e-01
   2.6368000e+04  -2.7804143e-01
   2.6428000e+04   9.9019999e-02
   2.6488000e+04   3.3809757e-01
   2.6548000e+04   4.4719111e-01
   2.6608000e+04   1.9930045e-01
   2.6668000e+04   4.4425430e-02
   2.6728000e+04   1.0156587e-01
   2.6788000e+04   2.0072160e-01
   2.6848000e+04   2.4889246e-01
   2.6908000e+04   3.2507826e-01
   2.6968000e+04   5.5127884e-01
   2.7028000e+04   6.7149402e-01
   2.7088000e+04   7.2072363e-01
   2.7148000e+04   7.3296749e-01
   2.7208000e+04   8.0122543e-01
   2.7268000e+04   7.5649728e-01
   2.7328000e+04   5.5378284e-01
   2.7388000e+04   2.6808195e-01
   2.7448000e+04   1.3394419e-02
   2.7508000e+04  -1.7827993e-01
   2.7568000e+04  -2.8494127e-01
   2.7628000e+04  -3.6058980e-01
   2.7688000e+04  -4.5122569e-01
   2.7748000e+04  -5.5084914e-01
   2.7808000e+04  -5.2746032e-01
   2.7868000e+04  -4.6405943e-01
   2.7928000e+04  -5.2364666e-01
   2.7988000e+04  -5.4322219e-01
   2.8048000e+04  -3.7978622e-01
   2.8108000e+04  -1.9533894e-01
   2.8168000e+04  -4.0388054e-01
   2.8228000e+04  -4.9341123e-01
   2.8288000e+04  -2.8093119e-01
   2.8348000e+04   2.4559379e-02
   2.8408000e+04   1.1506027e-01
   2.8468000e+04  -9.3428720e-02
   2.8528000e+04  -1.1690779e-01
   2.8588000e+04   3.2622862e-02
   2.8648000e+04   1.2116302e-01
   2.8708000e+04   1.6871248e-01
   2.8768000e+04   1.7427104e-01
   2.8828000e+04   2.4983848e-01
   2.8888000e+04   3.3741459e-01
   2.8948000e+04   4.5899916e-01
   2.9008000e+04   4.9159197e-01
   2.9068000e+04   4.6719281e-01
   2.9128000e+04   3.2080145e-01
   2.9188000e+04   8.2417685e-02
   2.9248000e+04  -3.8958719e-02
   2.9308000e+04  -8.6327981e-02
   2.9368000e+04  -1.3469033e-01
   2.9428000e+04  -1.5604598e-01
   2.9488000e+04  -2.0739517e-01
   2.9548000e+04  -2.4273813e-01
   2.9608000e+04  -7.6075096e-02
   2.9668000e+04   5.9593709e-02
   2.9728000e+04  -5.9731954e-02
   2.9788000e+04  -2.1905232e-01
   2.9848000e+04  -3.0536763e-01
   2.9908000e+04  -3.5167813e-01
   2.9968000e+04  -3.9298405e-01
   3.0028000e+04  -2.5828564e-01
   3.0088000e+04   6.2416863e-02
   3.0148000e+04   1.5912320e-01
   3.0208000e+04   5.3833137e-02
   3.0268000e+04   5.6546413e-02
   3.0328000e+04  -4.4737218e-02
   3.0388000e+04  -2.4001801e-01
   3.0448000e+04  -5.5729622e-01
   3.0508000e+04  -7.0557209e-01
   3.0568000e+04  -6.4084590e-01
   3.0628000e+04  -4.2611789e-01
   3.0688000e+04  -1.1838832e-01
   3.0748000e+04   2.2634253e-01
   3.0808000e+04   6.4507442e-01
   3.0868000e+04   7.2280707e-01
   3.0928000e+04   6.2354022e-01
   3.0988000e+04   5.7927360e-01
   3.1048000e+04   4.5300695e-01
   3.1108000e+04   2.1573999e-01
   3.1168000e+04  -9.3527539e-02
   3.1228000e+04  -2.5479592e-01
   3.1288000e+04  -2.6806542e-01
   3.1348000e+04  -2.8633631e-01
   3.1408000e+04  -2.6560888e-01
   3.1468000e+04  -9.0883387e-02
   3.1528000e+04   4.8839880e-02
   3.1588000e+04   1.4156065e-01
   3.1648000e+04   2.7327863e-01
   3.1708000e+04   2.8399356e-01
   3.1768000e+04   2.1170514e-01
   3.1828000e+04  -3.2586900e-02
   3.1888000e+04  -1.8388284e-01
   3.1948000e+04  -3.8718298e-01
   3.2008000e+04  -5.8748758e-01
   3.2068000e+04  -6.2579695e-01
   3.2128000e+04  -5.2211135e-01
   3.2188000e+04  -4.7943108e-01
   3.2248000e+04  -4.2375643e-01
   3.2308000e+04  -3.7208767e-01
   3.2368000e+04  -4.0642511e-01
   3.2428000e+04  -2.7876901e-01
   3.2488000e+04  -3.3119682e-02
   3.2548000e+04   8.9522601e-02
   3.2608000e+04   1.0515755e-01
   3.2668000e+04   9.9784864e-02
   3.2728000e+04   2.3740427e-01
   3.2788000e+04   3.8601547e-01
   3.2848000e+04   3.1261819e-01
   3.2908000e+04   2.5221212e-01
   3.2968000e+04   2.5579699e-01
   3.3028000e+04   2.8337250e-01
   3.3088000e+04   2.5693837e-01
   3.3148000e+04   2.7449432e-01
   3.3208000e+04   2.9204004e-01
   3.3268000e+04   8.4575266e-02
   3.3328000e+04  -1.2890030e-01
   3.3388000e+04  -2.4838694e-01
   3.3448000e+04  -3.4588494e-01
   3.3508000e+04  -3.8339459e-01
   3.3568000e+04  -4.3691616e-01
   3.3628000e+04  -4.1744995e-01
   3.3688000e+04  -3.8099623e-01
   3.3748000e+04  -2.3655529e-01
   3.3808000e+04  -4.3127406e-02
   3.3868000e+04   1.2728714e-01
   3.3928000e+04   2.7568807e-01
   3.3988000e+04   3.6407511e-01
   3.4048000e+04   1.3644798e-01
   3.4108000e+04  -2.1019360e-01
   3.4168000e+04  -4.3384990e-01
   3.4228000e+04  -4.8352120e-01
   3.4288000e+04  -4.0620776e-01
   3.4348000e+04  -4.1790986e-01
   3.4408000e+04  -2.9462776e-01
   3.4468000e+04   5.6382530e-03
   3.4528000e+04   3.1888793e-01
   3.4588000e+04   6.1812100e-01
   3.4648000e+04   9.2333720e-01
   3.4708000e+04   9.5553626e-01
   3.4768000e+04   7.8171793e-01
   3.4828000e+04   3.9088195e-01
   3.4888000e+04   6.8028067e-02
   3.4948000e+04  -1.4684398e-01
   3.5008000e+04  -2.3473445e-01
   3.5068000e+04  -2.9264359e-01
   3.5128000e+04  -3.9757165e-01
   3.5188000e+04  -5.0451887e-01
   3.5248000e+04  -4.7848551e-01
   3.5308000e+04  -3.7247180e-01
   3.5368000e+04  -2.2647799e-01
   3.5428000e+04  -6.3504315e-02
   3.5488000e+04   1.4448982e-02
   3.5548000e+04  -4.6618332e-02
   3.5608000e+04  -1.6870649e-01
   3.5668000e+04  -2.3581572e-01
   3.5728000e+04  -1.9694626e-01
   3.5788000e+04  -1.5709833e-01
   3.5848000e+04  -1.9327216e-01
   3.5908000e+04  -2.8046796e-01
   3.5968000e+04  -3.4268596e-01
   3.6028000e+04  -2.9192638e-01
   3.6088000e+04  -1.3318943e-01
   3.6148000e+04   2.8524684e-02
   3.6208000e+04   1.5021574e-01
   3.6268000e+04   1.1688353e-01
   3.6328000e+04   6.7527861e-02
   3.6388000e+04   4.9148518e-02
   3.6448000e+04   5.6745305e-02
   3.6508000e+04   1.0931802e-01
   3.6568000e+04   2.1786648e-01
   3.6628000e+04   3.6639048e-01
   3.6688000e+04   4.3788983e-01
   3.6748000e+04   4.3336434e-01
   3.6808000e+04   4.5481384e-01
   3.6868000e+04   5.8223813e-01
   3.6928000e+04   6.6763704e-01
   3.6988000e+04   5.3401038e-01
   3.7048000e+04   1.6835799e-01
   3.7108000e+04  -2.7632030e-01
   3.7168000e+04  -4.7702468e-01
   3.7228000e+04  -5.8675530e-01
   3.7288000e+04  -6.6251233e-01
   3.7348000e+04  -7.1029593e-01
   3.7408000e+04  -6.5210626e-01
   3.7468000e+04  -4.9994349e-01
   3.7528000e+04  -3.1880775e-01
   3.7588000e+04  -4.7699207e-02
   3.7648000e+04   6.9381993e-02
   3.7708000e+04   7.8435703e-02
   3.7768000e+04   1.0461780e-02
   3.7828000e+04  -1.1153992e-01
   3.7888000e+04  -1.4056953e-01
   3.7948000e+04  -2.1062719e-01
   3.8008000e+04  -2.9771303e-01
   3.8068000e+04  -4.2182719e-01
   3.8128000e+04  -3.7096979e-01
   3.8188000e+04  -6.5140954e-02
   3.8248000e+04   2.6565919e-01
   3.8308000e+04   4.4343051e-01
   3.8368000e+04   6.0517291e-01
   3.8428000e+04   7.9588625e-01
   3.8488000e+04   9.9657044e-01
   3.8548000e+04   9.9422535e-01
   3.8608000e+04   8.9785088e-01
   3.8668000e+04   6.9244693e-01
   3.8728000e+04   5.0901338e-01
   3.8788000e+04   2.0055013e-01
   3.8848000e+04  -1.0594290e-01
   3.8908000e+04  -3.3746583e-01
   3.8968000e+04  -3.2201874e-01
   3.9028000e+04  -3.3860173e-01
   3.9088000e+04  -3.4921489e-01
   3.9148000e+04  -3.7785831e-01
   3.9208000e+04  -4.2653206e-01
   3.9268000e+04  -4.2123624e-01
   3.9328000e+04  -2.1297093e-01
   3.9388000e+04  -1.5673620e-01
   3.9448000e+04  -3.3153213e-01
   3.9508000e+04  -4.9435881e-01
   3.9568000e+04  -5.5521629e-01
   3.9628000e+04  -4.4310465e-01
   3.9688000e+04  -3.9602396e-01
   3.9748000e+04  -3.4597429e-01
   3.9808000e+04  -2.9295570e-01
   3.9868000e+04  -2.6196825e-01
   3.9928000e+04  -1.7801201e-01
   3.9988000e+04   5.6912977e-02
   4.0048000e+04   1.9980664e-01
   4.0108000e+04   2.1366893e-01
   4.0168000e+04   2.2149979e-01
   4.0228000e+04   2.8729918e-01
   4.0288000e+04   4.2506703e-01
   4.0348000e+04   5.0080332e-01
   4.0408000e+04   5.9150798e-01
   4.0468000e+04   5.8818098e-01
   4.0528000e+04   5.7982228e-01
   4.0588000e+04   6.9443183e-01
   4.0648000e+04   7.0400960e-01
   4.0708000e+04   5.4755555e-01
   4.0768000e+04   3.7706964e-01
   4.0828000e+04   2.1555184e-01
   4.0888000e+04   1.3000213e-01
   4.0948000e+04   6.4204634e-03
   4.1008000e+04  -1.7719318e-01
   4.1068000e+04  -2.6683883e-01
   4.1128000e+04  -2.8751650e-01
   4.1188000e+04  -2.7022623e-01
   4.1248000e+04  -3.1096803e-01
   4.1308000e+04  -3.7574192e-01
   4.1368000e+04  -3.6754793e-01
   4.1428000e+04  -2.8038607e-01
   4.1488000e+04  -2.9625634e-01
   4.1548000e+04  -3.4315878e-01
   4.1608000e+04  -4.8509339e-01
   4.1668000e+04  -5.0006018e-01
   4.1728000e+04  -4.2805915e-01
   4.1788000e+04  -3.2809033e-01
   4.1848000e+04  -3.5215370e-01
   4.1908000e+04  -2.9524929e-01
   4.1968000e+04  -2.3437708e-01
   4.2028000e+04  -2.3537083e-02
   4.2088000e+04   3.0427070e-01
   4.2148000e+04   5.7404628e-01
   4.2208000e+04   7.3578965e-01
   4.2268000e+04   8.4350082e-01
   4.2328000e+04   9.5917980e-01
   4.2388000e+04   1.0348266e+00
   4.2448000e+04   7.9844121e-01
   4.2508000e+04   5.6602366e-01
   4.2568000e+04   3.9657396e-01
   4.2628000e+04   2.0609212e-01
   4.2688000e+04   9.5781586e-03
   4.2748000e+04  -1.5796791e-01
   4.2808000e+04  -2.9654606e-01
   4.2868000e+04  -3.0515627e-01
   4.2928000e+04  -1.7379853e-01
   4.2988000e+04  -1.3347280e-01
   4.3048000e+04  -2.6917906e-01
   4.3108000e+04  -4.4491729e-01
   4.3168000e+04  -3.9068746e-01
   4.3228000e+04  -3.0948952e-01
