   2.8000000e+01   9.4641928e-02
   8.8000000e+01   5.6181170e-02
   1.4800000e+02   7.3695125e-02
   2.0800000e+02   7.3183953e-02
   2.6800000e+02   6.1647816e-02
   3.2800000e+02   6.4086877e-02
   3.8800000e+02   6.5501303e-02
   4.4800000e+02   7.6891262e-02
   5.0800000e+02   9.4256925e-02
   5.6800000e+02   9.2598463e-02
   6.2800000e+02   8.1916051e-02
   6.8800000e+02   8.6209864e-02
   7.4800000e+02   9.8480084e-02
   8.0800000e+02   7.4726887e-02
   8.6800000e+02   6.7950459e-02
   9.2800000e+02   1.0415098e-01
   9.8800000e+02   9.5328644e-02
   1.0480000e+03   7.5483633e-02
   1.1080000e+03   1.0861614e-01
   1.1680000e+03   9.2726350e-02
   1.2280000e+03   8.3814466e-02
   1.2880000e+03   7.3880679e-02
   1.3480000e+03   9.6925187e-02
   1.4080000e+03   9.3948190e-02
   1.4680000e+03   5.7949888e-02
   1.5280000e+03   7.6930483e-02
   1.5880000e+03   8.1890182e-02
   1.6480000e+03   7.8829188e-02
   1.7080000e+03   8.6747710e-02
   1.7680000e+03   8.0645957e-02
   1.8280000e+03   6.7524140e-02
   1.8880000e+03   5.7382471e-02
   1.9480000e+03   9.7221164e-02
   2.0080000e+03   7.3040434e-02
   2.0680000e+03   6.4840498e-02
   2.1280000e+03   7.1621575e-02
   2.1880000e+03   9.1383883e-02
   2.2480000e+03   9.8127644e-02
   2.3080000e+03   9.5853081e-02
   2.3680000e+03   9.0560416e-02
   2.4280000e+03   9.2249875e-02
   2.4880000e+03   6.4921684e-02
   2.5480000e+03   7.5576070e-02
   2.6080000e+03   8.3213262e-02
   2.6680000e+03   9.5833489e-02
   2.7280000e+03   8.7436983e-02
   2.7880000e+03   1.1202398e-01
   2.8480000e+03   5.4594699e-02
   2.9080000e+03   8.1149388e-02
   2.9680000e+03   9.6688278e-02
   3.0280000e+03   7.6211604e-02
   3.0880000e+03   7.6719604e-02
   3.1480000e+03   6.9212515e-02
   3.2080000e+03   5.0690576e-02
   3.2680000e+03   5.4154027e-02
   3.3280000e+03   8.9603108e-02
   3.3880000e+03   1.2203806e-01
   3.4480000e+03   1.2245913e-01
   3.5080000e+03   1.1886655e-01
   3.5680000e+03   1.3226057e-01
   3.6280000e+03   1.9964144e-01
   3.6880000e+03   1.9700940e-01
   3.7480000e+03   2.2636469e-01
   3.8080000e+03   2.5370756e-01
   3.8680000e+03   2.8203827e-01
   3.9280000e+03   2.8235704e-01
   3.9880000e+03   2.8066414e-01
   4.0480000e+03   2.4995981e-01
   4.1080000e+03   2.5824431e-01
   4.1680000e+03   2.4251787e-01
   4.2280000e+03   1.9078076e-01
   4.2880000e+03   1.6303321e-01
   4.3480000e+03   1.3327549e-01
   4.4080000e+03   1.3650784e-01
   4.4680000e+03   7.2730515e-02
   4.5280000e+03   4.7943767e-02
   4.5880000e+03   3.0147850e-02
   4.6480000e+03   5.3430155e-03
   4.7080000e+03  -4.5470484e-02
   4.7680000e+03  -8.8292393e-02
   4.8280000e+03  -9.1122459e-02
   4.8880000e+03  -1.1296043e-01
   4.9480000e+03  -1.2680604e-01
   5.0080000e+03  -1.2265905e-01
   5.0680000e+03  -1.0251920e-01
   5.1280000e+03  -6.4386232e-02
   5.1880000e+03  -8.1259890e-02
   5.2480000e+03  -2.8139920e-02
   5.3080000e+03  -5.0260640e-03
   5.3680000e+03  -5.9918068e-02
   5.4280000e+03  -2.9815674e-02
   5.4880000e+03  -2.5718625e-02
   5.5480000e+03  -6.6266658e-03
   5.6080000e+03   1.8460463e-02
   5.6680000e+03   8.6543018e-02
   5.7280000e+03   9.7621256e-02
   5.7880000e+03   7.6695436e-02
   5.8480000e+03   1.5076582e-01
   5.9080000e+03   1.4683265e-01
   5.9680000e+03   1.2189621e-01
   6.0280000e+03   2.1395674e-01
   6.0880000e+03   2.2601451e-01
   6.1480000e+03   1.9306977e-01
   6.2080000e+03   1.8612278e-01
   6.2680000e+03   1.5517380e-01
   6.3280000e+03   1.5322310e-01
   6.3880000e+03   1.1527094e-01
   6.4480000e+03   7.3317561e-02
   6.5080000e+03   4.7363241e-02
   6.5680000e+03   7.0408236e-02
   6.6280000e+03   5.1452807e-02
   6.6880000e+03   5.4497216e-02
   6.7480000e+03   9.2541724e-02
   6.8080000e+03   1.1258659e-01
   6.8680000e+03   1.1063209e-01
   6.9280000e+03   7.8678467e-02
   6.9880000e+03   8.7725996e-02
   7.0480000e+03   5.1774936e-02
   7.1080000e+03   2.5825552e-02
   7.1680000e+03   6.1878108e-02
   7.2280000e+03   7.6932866e-02
   7.2880000e+03   3.5990093e-02
   7.3480000e+03   5.0500526e-03
   7.4080000e+03   3.7113009e-02
   7.4680000e+03   1.6179229e-02
   7.5280000e+03   4.4248978e-02
   7.5880000e+03  -1.6774795e-03
   7.6480000e+03  -6.5998746e-03
   7.7080000e+03   2.1482059e-02
   7.7680000e+03   4.8568586e-02
   7.8280000e+03   4.9659978e-02
   7.8880000e+03   5.2756501e-02
   7.9480000e+03   8.9858422e-02
   8.0080000e+03   6.9966012e-02
   8.0680000e+03   8.9079539e-02
   8.1280000e+03   1.2219927e-01
   8.1880000e+03   1.5032548e-01
   8.2480000e+03   1.3845844e-01
   9.2080000e+03   1.6472544e-01
   9.2680000e+03   1.7301483e-01
   9.3280000e+03   1.2231589e-01
   9.3880000e+03   1.0462891e-01
   9.4480000e+03   5.1954158e-02
   9.5080000e+03  -5.7708087e-02
   9.5680000e+03  -1.2357546e-02
   9.6280000e+03   8.9006057e-02
   9.6880000e+03   2.1538300e-01
   9.7480000e+03   1.8777357e-01
   9.8080000e+03   5.9178025e-02
   9.8680000e+03   2.1596660e-02
   9.9280000e+03   8.9029748e-02
   9.9880000e+03   5.8477569e-02
   1.0048000e+04   6.9940398e-02
   1.0108000e+04   1.3141852e-01
   1.0168000e+04   1.4691220e-01
   1.0228000e+04   1.2842173e-01
   1.0288000e+04   1.2494737e-01
   1.0348000e+04   4.8489423e-02
   1.0408000e+04  -2.1951852e-02
   1.0468000e+04  -2.1376174e-02
   1.0528000e+04  -4.3783264e-02
   1.0588000e+04  -1.1517285e-01
   1.0648000e+04  -1.5954465e-01
   1.0708000e+04  -6.7898388e-02
   1.0768000e+04   9.6766205e-02
   1.0828000e+04   5.9449408e-02
   1.0888000e+04   7.1514935e-03
   1.0948000e+04  -8.3127264e-02
   1.1008000e+04  -1.2338659e-01
   1.1068000e+04  -1.2162622e-01
   1.1128000e+04  -3.5845870e-02
   1.1188000e+04   2.1954722e-02
   1.1248000e+04   1.0777583e-01
   1.1308000e+04   1.3061772e-01
   1.1368000e+04   1.0348065e-01
   1.1428000e+04   1.5736491e-01
   1.1488000e+04   2.5227075e-01
   1.1548000e+04   2.5019844e-01
   1.1608000e+04   2.3514823e-01
   1.1668000e+04   1.7612040e-01
   1.1728000e+04   1.7311521e-01
   1.1788000e+04   2.1013291e-01
   1.1848000e+04   2.0817376e-01
   1.1908000e+04   1.0223802e-01
   1.1968000e+04   3.3259374e-03
   1.2028000e+04   1.1437775e-02
   1.2088000e+04   8.9573781e-02
   1.2148000e+04  -1.4265796e-02
   1.2208000e+04  -3.0080706e-02
   1.2268000e+04   5.7129295e-02
   1.2328000e+04  -1.3163555e-01
   1.2388000e+04  -1.3437499e-01
   1.2448000e+04  -3.2088797e-02
   1.2508000e+04   1.3022327e-01
   1.2568000e+04   1.0556146e-01
   1.2628000e+04   2.6925986e-02
   1.2688000e+04   1.9317092e-02
   1.2748000e+04   6.8735004e-02
   1.2808000e+04   1.2817995e-01
   1.2868000e+04   6.0652147e-02
   1.2928000e+04   6.1518231e-03
   1.2988000e+04  -2.0320806e-02
   1.3048000e+04   2.1234477e-02
   1.3108000e+04  -8.4182116e-02
   1.3168000e+04  -1.7057038e-01
   1.3228000e+04  -1.1193009e-01
   1.3288000e+04  -1.2261065e-02
   1.3348000e+04   1.4436909e-02
   1.3408000e+04   2.6164029e-02
   1.3468000e+04   1.3392049e-01
   1.3528000e+04   1.1270648e-01
   1.3588000e+04   1.2052219e-01
   1.3648000e+04   1.1936780e-01
   1.3708000e+04   7.7243505e-02
   1.3768000e+04   2.1149472e-02
   1.3828000e+04   2.4085878e-02
   1.3888000e+04   5.1052895e-02
   1.3948000e+04   8.1050690e-02
   1.4008000e+04   1.7707943e-01
   1.4068000e+04   2.3913927e-01
   1.4128000e+04   1.0923037e-01
   1.4188000e+04  -7.1647125e-02
   1.4248000e+04  -1.5749305e-01
   1.4308000e+04  -1.3130728e-01
   1.4368000e+04  -3.2089658e-02
   1.4428000e+04   5.2159947e-02
   1.4488000e+04   2.1441667e-02
   1.4548000e+04   6.9755632e-02
   1.4608000e+04   9.9101966e-02
   1.4668000e+04   2.2480791e-02
   1.4728000e+04   6.1892223e-02
   1.4788000e+04   1.1533637e-01
   1.4848000e+04  -1.9186649e-02
   1.4908000e+04  -1.3167674e-01
   1.4968000e+04  -1.8213380e-01
   1.5028000e+04  -1.4555774e-01
   1.5088000e+04   3.6051543e-02
   1.5148000e+04   2.6469413e-01
   1.5208000e+04   2.0037010e-01
   1.5268000e+04  -9.0920472e-02
   1.5328000e+04  -2.2717750e-01
   1.5388000e+04  -1.8040093e-01
   1.5448000e+04  -1.2159069e-01
   1.5508000e+04  -5.2746713e-02
   1.5568000e+04   4.3131047e-02
   1.5628000e+04   1.4804264e-01
   1.5688000e+04   7.9988123e-02
   1.5748000e+04   8.6967529e-02
   1.5808000e+04   1.3998090e-01
   1.5868000e+04   1.3202827e-01
   1.5928000e+04   2.1109660e-02
   1.5988000e+04   1.0225105e-02
   1.6048000e+04  -3.9625379e-02
   1.6108000e+04  -7.5441775e-02
   1.6168000e+04  -3.2240734e-03
   1.6228000e+04   6.2027734e-02
   1.6288000e+04   1.5231365e-01
   1.6348000e+04   1.2063367e-01
   1.6408000e+04   1.3987794e-02
   1.6468000e+04  -6.4623993e-02
   1.6528000e+04  -1.3120170e-01
   1.6588000e+04  -5.4745358e-02
   1.6648000e+04   1.6745021e-02
   1.6708000e+04   2.7269408e-02
   1.6768000e+04   2.6827770e-02
   1.6828000e+04  -4.5799273e-03
   1.6888000e+04   7.2046276e-02
   1.6948000e+04   4.6706337e-02
   1.7008000e+04  -2.6599792e-02
   1.7068000e+04   1.1112784e-01
   1.7128000e+04   1.5288917e-01
   1.7188000e+04  -1.3315853e-02
   1.7248000e+04  -2.8487295e-02
   1.7308000e+04   1.2437478e-01
   1.7368000e+04   2.5327030e-01
   1.7428000e+04   2.0419918e-01
   1.7488000e+04   8.9161365e-02
   1.7548000e+04  -2.2843243e-02
   1.7608000e+04  -6.9814723e-02
   1.7668000e+04  -7.8753164e-02
   1.7728000e+04  -3.8658658e-02
   1.7788000e+04   4.0468702e-02
   1.7848000e+04  -2.2371182e-02
   1.7908000e+04  -9.8178413e-02
   1.7968000e+04  -1.2595309e-01
   1.8028000e+04  -1.4369533e-01
   1.8088000e+04  -1.2140523e-01
   1.8148000e+04  -1.4608292e-01
   1.8208000e+04  -5.1728498e-02
   1.8268000e+04   9.6657907e-02
   1.8328000e+04   4.3076176e-02
   1.8388000e+04   1.5261850e-03
   1.8448000e+04   9.5007808e-02
   1.8508000e+04   4.6520915e-02
   1.8568000e+04  -4.1934624e-02
   1.8628000e+04  -3.3589443e-03
   1.8688000e+04   1.6247819e-02
   1.8748000e+04   2.7885528e-02
   1.8808000e+04   2.0554041e-02
   1.8868000e+04  -1.2746782e-02
   1.8928000e+04   6.8982912e-02
   1.8988000e+04   1.0674298e-01
   1.9048000e+04  -3.7466731e-02
   1.9108000e+04  -1.0564637e-01
   1.9168000e+04  -4.9796079e-02
   1.9228000e+04  -7.5916022e-02
   1.9288000e+04   3.7993650e-02
   1.9348000e+04   1.1093278e-01
   1.9408000e+04   7.5901213e-02
   1.9468000e+04   5.3898788e-02
   1.9528000e+04   5.6925346e-02
   1.9588000e+04   6.7980725e-02
   1.9648000e+04   6.5064762e-02
   1.9708000e+04  -2.5822704e-02
   1.9768000e+04  -2.0681839e-02
   1.9828000e+04  -1.1651281e-01
   1.9888000e+04  -1.6831578e-01
   1.9948000e+04  -4.5090913e-02
   2.0008000e+04   4.4161617e-02
   2.0068000e+04  -5.7558356e-02
   2.0128000e+04  -2.0251001e-02
   2.0188000e+04   1.0608351e-01
   2.0248000e+04   5.0445017e-02
   2.0308000e+04   5.3833340e-02
   2.0368000e+04   6.0248311e-02
   2.0428000e+04   2.0689759e-02
   2.0488000e+04   4.5157514e-02
   2.0548000e+04  -4.5348596e-02
   2.0608000e+04  -6.8287429e-03
   2.0668000e+04   1.3716902e-02
   2.0728000e+04  -4.7711833e-02
   2.0788000e+04  -2.6115119e-02
   2.0848000e+04  -4.4931286e-03
   2.0908000e+04   1.2153967e-02
   2.0968000e+04  -6.7174003e-02
   2.1028000e+04  -6.5477212e-02
   2.1088000e+04  -4.0755828e-02
   2.1148000e+04  -4.8010025e-02
   2.1208000e+04  -4.8239972e-02
   2.1268000e+04  -6.5445839e-02
   2.1328000e+04   8.4372203e-02
   2.1388000e+04   1.7521398e-01
   2.1448000e+04   8.6079337e-02
   2.1508000e+04   9.9680897e-03
   2.1568000e+04   4.9880076e-02
   2.1628000e+04   6.2815126e-02
   2.1688000e+04  -6.7226927e-02
   2.1748000e+04  -2.1246250e-02
   2.1808000e+04   1.2775699e-01
   2.1868000e+04   6.3782624e-02
   2.1928000e+04  -4.5169509e-02
   2.1988000e+04   9.0042206e-04
   2.2048000e+04   3.9922537e-03
   2.2108000e+04  -6.4894178e-02
   2.2168000e+04  -7.9759039e-02
   2.2228000e+04   2.6397510e-02
   2.2288000e+04   2.4575304e-02
   2.2348000e+04  -1.8822582e-01
   2.2408000e+04  -1.6700602e-01
   2.2468000e+04  -6.7654598e-03
   2.2528000e+04   5.2495698e-02
   2.2588000e+04   4.8777295e-02
   2.2648000e+04   8.8079169e-02
   2.2708000e+04   8.9401161e-02
   2.2768000e+04   3.3743113e-02
   2.2828000e+04  -2.8895135e-02
   2.2888000e+04  -6.3513743e-02
   2.2948000e+04  -9.0112867e-02
   2.3008000e+04  -2.0692666e-02
   2.3068000e+04   9.7467008e-03
   2.3128000e+04   3.6205078e-02
   2.3188000e+04   1.5682306e-02
   2.3248000e+04  -1.7821771e-02
   2.3308000e+04  -2.4307310e-02
   2.3368000e+04  -2.8774469e-02
   2.3428000e+04  -7.3223404e-02
   2.3488000e+04  -1.1665427e-01
   2.3548000e+04  -1.3906723e-01
   2.3608000e+04  -7.4462437e-02
   2.3668000e+04  -4.2840048e-02
   2.3728000e+04  -1.3200220e-02
   2.3788000e+04   4.6456889e-02
   2.3848000e+04  -1.4486888e-01
   2.3908000e+04  -1.7617768e-01
   2.3968000e+04  -3.5469677e-02
   2.4028000e+04   4.8254975e-02
   2.4088000e+04   9.9961168e-03
   2.4148000e+04  -6.5246411e-02
   2.4208000e+04  -4.5472770e-02
   2.4268000e+04  -4.3683120e-02
   2.4328000e+04   1.7122378e-02
   2.4388000e+04   9.5943562e-02
   2.4448000e+04   1.4778027e-01
   2.4508000e+04   1.3663234e-01
   2.4568000e+04   5.8499599e-02
   2.4628000e+04  -1.9618108e-02
   2.4688000e+04  -1.4720951e-02
   2.4748000e+04  -4.3809096e-02
   2.4808000e+04  -4.1882711e-02
   2.4868000e+04  -2.5941967e-02
   2.4928000e+04  -4.1987032e-02
   2.4988000e+04  -1.0601808e-01
   2.5048000e+04  -4.0035280e-02
   2.5108000e+04   1.6961191e-02
   2.5168000e+04  -1.0602884e-01
   2.5228000e+04  -1.8800555e-01
   2.5288000e+04  -7.6969124e-02
   2.5348000e+04   5.0080267e-02
   2.5408000e+04   1.3142440e-02
   2.5468000e+04   4.8217211e-02
   2.5528000e+04   7.7304396e-02
   2.5588000e+04   5.9403810e-02
   2.5648000e+04   9.5515264e-02
   2.5708000e+04   1.1663857e-01
   2.5768000e+04  -3.4226466e-02
   2.5828000e+04  -1.5508003e-01
   2.5888000e+04  -2.1392233e-01
   2.5948000e+04  -1.9975355e-01
   2.6008000e+04  -1.1357389e-01
   2.6068000e+04  -1.2038356e-01
   2.6128000e+04  -4.6182757e-02
   2.6188000e+04   6.8028316e-02
   2.6248000e+04   9.0249451e-02
   2.6308000e+04   1.5248044e-01
   2.6368000e+04   1.7372107e-01
   2.6428000e+04   9.6971126e-02
   2.6488000e+04   3.2303975e-03
   2.6548000e+04  -1.9501336e-02
   2.6608000e+04   6.6775707e-02
   2.6668000e+04   1.0306131e-01
   2.6728000e+04   4.3355232e-02
   2.6788000e+04  -6.6342737e-02
   2.6848000e+04  -1.5803283e-01
   2.6908000e+04  -9.5715281e-02
   2.6968000e+04  -1.7039032e-01
   2.7028000e+04  -2.0905819e-01
   2.7088000e+04  -1.6971911e-01
   2.7148000e+04  -2.1637334e-01
   2.7208000e+04  -1.1202112e-01
   2.7268000e+04   8.4337319e-02
   2.7328000e+04   1.5370172e-01
   2.7388000e+04   1.1907183e-01
   2.7448000e+04  -1.4355259e-01
   2.7508000e+04  -1.4017181e-01
   2.7568000e+04  -1.0278607e-01
   2.7628000e+04  -6.2395636e-02
   2.7688000e+04   3.3999232e-02
   2.7748000e+04   2.3982717e-03
   2.7808000e+04  -5.2198781e-02
   2.7868000e+04  -5.7792193e-02
   2.7928000e+04  -7.3382234e-02
   2.7988000e+04   6.7030826e-02
   2.8048000e+04   4.2446714e-02
   2.8108000e+04   1.8651537e-03
   2.8168000e+04  -4.9714130e-02
   2.8228000e+04  -9.8291417e-02
   2.8288000e+04  -6.6866989e-02
   2.8348000e+04   6.3558873e-02
   2.8408000e+04   1.4998588e-01
   2.8468000e+04   9.6413757e-02
   2.8528000e+04   6.3842206e-02
   2.8588000e+04  -3.2729061e-02
   2.8648000e+04  -3.4300334e-02
   2.8708000e+04  -8.8871905e-02
   2.8768000e+04  -5.8444069e-02
   2.8828000e+04  -6.3017122e-02
   2.8888000e+04  -4.7591361e-02
   2.8948000e+04  -1.3816708e-01
   2.9008000e+04  -1.5374459e-01
   2.9068000e+04  -9.2324180e-02
   2.9128000e+04  -1.0690616e-01
   2.9188000e+04  -5.1490822e-02
   2.9248000e+04  -1.0078480e-02
   2.9308000e+04  -3.2669437e-02
   2.9368000e+04  -1.0126400e-01
   2.9428000e+04  -1.4186247e-01
   2.9488000e+04  -1.1246515e-01
   2.9548000e+04  -6.2072366e-02
   2.9608000e+04   4.2315588e-02
   2.9668000e+04  -3.0159878e-04
   2.9728000e+04  -7.9924237e-02
   2.9788000e+04  -1.0455264e-01
   2.9848000e+04  -6.4187104e-02
   2.9908000e+04  -4.0827953e-02
   2.9968000e+04   1.4524508e-02
   3.0028000e+04   3.4869971e-02
   3.0088000e+04  -7.6791877e-02
   3.0148000e+04  -1.9946134e-01
   3.0208000e+04  -3.8138737e-02
   3.0268000e+04   4.7175632e-02
   3.0328000e+04   9.1481456e-02
   3.0388000e+04   8.8778427e-02
   3.0448000e+04   6.6236726e-05
   3.0508000e+04  -1.7655420e-02
   3.0568000e+04  -9.3868498e-03
   3.0628000e+04   9.8716425e-03
   3.0688000e+04   5.7119754e-02
   3.0748000e+04   2.9357180e-02
   3.0808000e+04  -6.3416381e-02
   3.0868000e+04  -9.0201227e-02
   3.0928000e+04  -1.2599766e-01
   3.0988000e+04  -1.0280598e-01
   3.1048000e+04  -3.3626475e-02
   3.1108000e+04  -4.2459448e-02
   3.1168000e+04  -1.2430519e-01
   3.1228000e+04  -1.9216399e-01
   3.1288000e+04  -1.3403614e-01
   3.1348000e+04  -9.2921929e-02
   3.1408000e+04  -6.8216404e-03
   3.1468000e+04   3.7264441e-02
   3.1528000e+04   7.3336033e-02
   3.1588000e+04  -1.2607143e-02
   3.1648000e+04  -3.6565365e-02
   3.1708000e+04  -3.6538907e-02
   3.1768000e+04  -2.8528043e-02
   3.1828000e+04   7.9466957e-02
   3.1888000e+04   8.2445827e-02
   3.1948000e+04  -2.4591700e-02
   3.2008000e+04  -2.6645884e-02
   3.2068000e+04   4.9283013e-02
   3.2128000e+04   4.9194736e-02
   3.2188000e+04  -3.2910970e-02
   3.2248000e+04  -2.9034354e-02
   3.2308000e+04  -9.7175667e-02
   3.2368000e+04  -1.7633515e-01
   3.2428000e+04  -1.2551305e-01
   3.2488000e+04  -1.1570960e-01
   3.2548000e+04  -2.4925045e-02
   3.2608000e+04   7.3840393e-02
   3.2668000e+04   1.9586481e-02
   3.2728000e+04  -2.8687007e-02
   3.2788000e+04  -7.0980294e-02
   3.2848000e+04  -1.7293598e-02
   3.2908000e+04  -2.2627134e-02
   3.2968000e+04  -6.7981116e-02
   3.3028000e+04  -5.4355751e-02
   3.3088000e+04  -1.2275124e-01
   3.3148000e+04  -2.1916780e-01
   3.3508000e+04  -1.1512021e-01
   3.3568000e+04  -1.1668952e-01
   3.3628000e+04  -1.4281374e-02
   3.3688000e+04   9.1104064e-02
   3.3748000e+04   1.2146663e-01
   3.3808000e+04   1.2480616e-01
   3.3868000e+04   5.8122492e-02
   3.3928000e+04  -4.0584518e-02
   3.3988000e+04  -3.8315025e-02
   3.4048000e+04   2.4930826e-02
   3.4108000e+04   5.4152892e-02
   3.4168000e+04  -2.6489653e-03
   3.4228000e+04  -8.0474881e-02
   3.4288000e+04  -8.7324987e-02
   3.4348000e+04  -1.1119941e-01
   3.4408000e+04  -8.4098276e-02
   3.4468000e+04   8.9782963e-03
   3.4528000e+04   1.6030189e-02
   3.4588000e+04  -4.9942709e-02
   3.4648000e+04  -9.1940511e-02
   3.4708000e+04  -8.8963320e-02
   3.4768000e+04   1.0988759e-02
   3.4828000e+04  -2.0843716e-03
   3.4888000e+04  -6.4182809e-02
   3.4948000e+04  -6.6306644e-02
   3.5008000e+04  -1.2455967e-02
   3.5068000e+04  -1.0063086e-01
   3.5128000e+04  -8.4831415e-02
   3.5188000e+04  -7.0577016e-03
   3.5248000e+04  -3.1309799e-02
   3.5308000e+04  -4.3587781e-02
   3.5368000e+04  -7.6891716e-02
   3.5428000e+04  -5.4221671e-02
   3.5488000e+04  -3.8577710e-02
   3.5548000e+04  -1.1959893e-02
   3.5608000e+04   2.5631722e-02
   3.5668000e+04   2.6197079e-02
   3.5728000e+04  -2.4263873e-02
   3.5788000e+04  -6.2751183e-02
   3.5848000e+04  -9.0264898e-02
   3.5908000e+04  -9.7805061e-02
   3.5968000e+04  -8.4371715e-02
   3.6028000e+04  -8.3964898e-02
   3.6088000e+04  -1.1658465e-01
   3.6148000e+04  -1.3923099e-01
   3.6208000e+04  -1.2190397e-01
   3.6268000e+04  -9.6036041e-03
   3.6328000e+04   6.6670074e-02
   3.6388000e+04   4.8917041e-02
   3.6448000e+04  -2.8627240e-03
   3.6508000e+04  -1.0366924e-01
   3.6568000e+04  -7.9502533e-02
   3.6628000e+04  -2.3362611e-02
   3.6688000e+04   8.1750508e-02
   3.6748000e+04   7.0836813e-02
   3.6808000e+04  -2.1103707e-02
   3.6868000e+04  -1.2007106e-01
   3.6928000e+04  -9.1065257e-02
   3.6988000e+04  -5.6086300e-02
   3.7048000e+04  -1.4134193e-02
   3.7108000e+04  -2.0208940e-02
   3.7168000e+04  -9.7310540e-02
   3.7228000e+04  -7.0438995e-02
   3.7288000e+04  -1.5594301e-02
   3.7348000e+04   2.2223545e-02
   3.7408000e+04   1.2301455e-01
   3.7468000e+04   1.9377871e-01
   3.7528000e+04   5.9516043e-02
   3.7588000e+04  -9.8773447e-02
   3.7648000e+04  -1.2208975e-01
   3.7708000e+04  -7.2432860e-02
   3.7768000e+04  -3.0802761e-02
   3.7828000e+04   2.7800558e-02
   3.7888000e+04   2.3771094e-03
   3.7948000e+04  -8.0730927e-03
   3.8008000e+04  -7.2550033e-02
   3.8068000e+04  -7.5053697e-02
   3.8128000e+04  -2.5840681e-03
   3.8188000e+04   2.9858871e-02
   3.8248000e+04   8.2751387e-03
   3.8308000e+04  -1.1033525e-01
   3.8368000e+04  -1.0997227e-01
   3.8428000e+04  -3.3635904e-02
   3.8488000e+04   4.8673865e-02
   3.8548000e+04   2.0957060e-02
   3.8608000e+04  -7.5786298e-02
   3.8668000e+04  -1.2655619e-01
   3.8728000e+04  -1.0235258e-01
   3.8788000e+04  -1.2717547e-01
   3.8848000e+04  -1.4002482e-01
   3.8908000e+04  -7.8900602e-02
   3.8968000e+04  -1.8802803e-02
   3.9028000e+04   2.9268604e-02
   3.9088000e+04   3.3136449e-03
   3.9148000e+04  -4.1667655e-02
   3.9208000e+04   4.3324729e-02
   3.9268000e+04   4.0290824e-02
   3.9328000e+04   1.7230656e-02
   3.9388000e+04  -1.8557482e-03
   3.9448000e+04  -6.2968362e-02
   3.9508000e+04  -6.3107158e-02
   3.9568000e+04  -6.6272108e-02
   3.9628000e+04   5.1536816e-02
   3.9688000e+04   8.6319643e-02
   3.9748000e+04   1.3076403e-02
   3.9808000e+04  -9.8192877e-02
   3.9868000e+04  -1.3648817e-01
   3.9928000e+04  -8.5809432e-02
   3.9988000e+04  -1.1156647e-02
   4.0048000e+04   3.1470223e-02
   4.0108000e+04   3.4071207e-02
   4.0168000e+04   1.0964634e-01
   4.0228000e+04   1.8919565e-01
   4.0288000e+04   1.3571918e-01
   4.0348000e+04   6.8216956e-02
   4.0408000e+04   3.4689015e-02
   4.0468000e+04  -3.0864608e-02
   4.0528000e+04  -1.1344388e-01
   4.0588000e+04  -1.2704876e-01
   4.0648000e+04  -8.0679206e-02
   4.0708000e+04  -2.3335190e-02
   4.0768000e+04   2.4983332e-02
   4.0828000e+04   4.2763995e-03
   4.0888000e+04   3.4544053e-02
   4.0948000e+04   2.4786334e-02
   4.1008000e+04  -3.7996714e-02
   4.1068000e+04  -3.4805048e-02
   4.1128000e+04  -4.9638623e-02
   4.1188000e+04  -2.6497394e-02
   4.1248000e+04   4.3618687e-02
   4.1308000e+04   1.1670967e-01
   4.1368000e+04   1.2477560e-01
   4.1428000e+04   7.5816524e-02
   4.1488000e+04   4.8325026e-03
   4.1548000e+04  -1.4217641e-01
   4.1608000e+04  -1.9221017e-01
   4.1668000e+04  -1.2826872e-01
   4.1728000e+04  -8.5351989e-02
   4.1788000e+04  -5.7459930e-02
   4.1848000e+04  -4.8592481e-02
   4.1908000e+04  -2.6749577e-02
   4.1968000e+04   1.0688428e-03
   4.2028000e+04  -5.0137155e-02
   4.2088000e+04  -1.0036750e-01
   4.2148000e+04  -8.3622132e-02
   4.2208000e+04  -3.4900972e-02
   4.2268000e+04  -1.2203950e-02
   4.2328000e+04  -3.1530992e-02
   4.2388000e+04   5.0117979e-02
   4.2448000e+04   1.4274304e-01
   4.2508000e+04   1.0134428e-01
   4.2568000e+04   6.3921766e-02
   4.2628000e+04   6.2475595e-02
   4.2688000e+04  -1.3994149e-02
   4.2748000e+04  -3.5487378e-02
   4.2808000e+04  -4.0004000e-02
   4.2868000e+04  -5.4392096e-04
   4.2928000e+04   1.1892955e-02
   4.2988000e+04   1.0306725e-02
   4.3048000e+04   8.4697492e-02
   4.3108000e+04   4.9065357e-02
   4.3168000e+04  -3.0589573e-02
   4.3228000e+04  -1.0267190e-02
